# BottomRockLayer control points — worldX worldY per line
-1600.00 -1020.00
-1324.14 -1315.00
-1048.28 -1458.00
-772.41 -1351.00
-496.55 -1478.00
-220.69 -1580.00
55.17 -1820.00
331.03 -1886.00
606.90 -1892.00
882.76 -1898.00
1158.62 -1820.00
1434.48 -2070.00
1710.34 -1669.00
1986.21 -1820.00
2262.07 -1788.00
2537.93 -1820.00
2813.79 -1650.00
3089.66 -1520.00
3365.52 -1579.00
3641.38 -1769.00
3917.24 -1911.00
4193.10 -1885.00
4468.97 -1708.00
4744.83 -1793.00
5020.69 -2132.00
5296.55 -1996.00
5572.41 -1820.00
5848.28 -1820.00
6124.14 -1820.00
6400.00 -1820.00
