# Submarine Game — Sprite Data
# Format: ROCK depth vertexCount x1 y1 ... r g b
ROCK 408.0 -1243.0 0 7 0.0 0.0 -175.0 -370.0 -188.0 -698.0 81.0 -675.0 416.0 -263.0 322.0 61.0 136.0 96.0 128 128 128
ROCK 1112.0 -1261.0 0 10 0.0 0.0 148.0 50.0 293.0 -30.0 428.0 -478.0 349.0 -690.0 120.0 -691.0 -75.0 -545.0 -91.0 -140.0 -104.0 -10.0 -115.0 44.0 128 128 128
ROCK 848.0 -1079.0 1 7 0.0 0.0 325.0 -16.0 487.0 -173.0 316.0 -279.0 15.0 -274.0 -243.0 -195.0 -361.0 -60.0 128 128 128
ROCK 641.0 -1775.0 0 6 0.0 0.0 385.0 12.0 523.0 -117.0 505.0 -197.0 -3.0 -241.0 -239.0 -41.0 128 128 128
ROCK 1369.0 -1598.0 1 5 0.0 0.0 -114.0 -174.0 -148.0 -555.0 155.0 -491.0 183.0 -161.0 128 128 128
ROCK 1844.0 -971.0 0 5 0.0 0.0 405.0 20.0 533.0 -196.0 487.0 -485.0 -6.0 -198.0 128 128 128
ROCK 2192.0 -1362.0 0 7 0.0 0.0 -113.0 -243.0 10.0 -546.0 275.0 -599.0 407.0 -189.0 328.0 138.0 171.0 135.0 128 128 128
ROCK 1981.0 -1454.0 1 9 0.0 0.0 55.0 158.0 318.0 117.0 491.0 -108.0 381.0 -378.0 232.0 -533.0 -49.0 -466.0 -171.0 -150.0 -171.0 40.0 128 128 128
ROCK 1804.0 -1251.0 0 6 0.0 0.0 -65.0 -289.0 -56.0 -630.0 210.0 -598.0 313.0 -28.0 129.0 99.0 128 128 128
ROCK 2072.0 -760.0 0 8 0.0 0.0 -184.0 -218.0 -149.0 -319.0 101.0 -342.0 258.0 -132.0 210.0 28.0 129.0 42.0 115.0 64.0 128 128 128
ROCK 2164.0 -746.0 1 5 0.0 0.0 -71.0 -72.0 -108.0 -226.0 -10.0 -273.0 58.0 -119.0 128 128 128
ROCK 3290.0 -1467.0 0 9 0.0 0.0 -195.0 -190.0 -145.0 -589.0 149.0 -599.0 534.0 -589.0 670.0 -361.0 694.0 -173.0 560.0 -66.0 483.0 22.0 128 128 128
ROCK 3111.0 -1371.0 0 6 0.0 0.0 -171.0 -244.0 -102.0 -480.0 107.0 -485.0 415.0 140.0 279.0 242.0 128 128 128
ROCK 3198.0 -791.0 1 9 0.0 0.0 -34.0 -153.0 100.0 -253.0 746.0 -821.0 872.0 -856.0 938.0 -662.0 722.0 -276.0 384.0 -59.0 149.0 2.0 128 128 128
ROCK 593.0 -1733.0 0 6 0.0 0.0 175.0 42.0 442.0 -150.0 299.0 -277.0 -103.0 -251.0 -254.0 -77.0 128 128 128
ROCK -749.0 -1097.0 0 5 0.0 0.0 -525.0 -33.0 -789.0 -289.0 -63.0 -504.0 451.0 -368.0 128 128 128
ROCK -100.0 -729.0 1 7 0.0 0.0 -238.0 -186.0 -422.0 -515.0 -97.0 -591.0 150.0 -375.0 99.0 -122.0 226.0 -58.0 128 128 128
ROCK -185.0 -1100.0 0 6 0.0 0.0 -155.0 -254.0 -241.0 -504.0 24.0 -610.0 219.0 -107.0 172.0 89.0 128 128 128
ROCK -428.0 -897.0 0 5 0.0 0.0 -122.0 -52.0 -325.0 -507.0 -76.0 -630.0 223.0 -6.0 128 128 128
ROCK 4075.0 -1559.0 0 5 0.0 0.0 60.0 -249.0 285.0 -180.0 152.0 130.0 -32.0 155.0 128 128 128
ROCK -921.0 -1142.0 0 7 0.0 0.0 144.0 -162.0 150.0 -157.0 440.0 -43.0 387.0 402.0 184.0 681.0 40.0 681.0 128 128 128
